alpha = 0: 57902 45623 44672 35672 50828 46939.4 10184.826491258858
alpha = 0.1: 221789 150780 150902 178921 156370 (171752.4, 37591.103974567406)
alpha = 0.3: 81006 45531 47868 34403 31942 => 48150.0 (24348.44763415506 khoang tin cay)
alpha = 0.5: 39087 27765 20062 17781 43005 => 29540 (13933.614365852512 khoang tin cay)

Xet voi ti le gui tin la 0.45